5.000000 1.000000 1 0.000000 0.000000 0 0.500000 
10.000000 1.000000 0 100.000000 100.000000 0 0.000000 
10.000000 1.000000 0 -100.000000 100.000000 1 0.000000 
15.000000 1.000000 1 0.000000 0.000000 0 0.500000 
15.000000 1.000000 1 0.000000 0.000000 1 0.500000 
15.000000 1.000000 1 0.000000 0.000000 2 0.500000 
15.000000 1.000000 1 0.000000 0.000000 3 0.500000 
20.000000 0.500000 0 100.000000 100.000000 0 0.000000 
20.000000 0.500000 0 -100.000000 100.000000 1 0.000000 
20.000000 0.500000 0 -100.000000 -100.000000 2 1.000000 
20.000000 0.500000 0 100.000000 -100.000000 3 1.000000 
25.000000 1.000000 1 0.000000 0.000000 0 0.000000 
25.000000 1.000000 1 0.000000 0.000000 0 0.100000 
25.000000 1.000000 1 0.000000 0.000000 0 0.200000 
25.000000 1.000000 1 0.000000 0.000000 0 0.300000 
25.000000 1.000000 1 0.000000 0.000000 0 0.400000 
25.000000 1.000000 1 0.000000 0.000000 0 0.500000 
25.000000 1.000000 1 0.000000 0.000000 0 0.600000 
25.000000 1.000000 1 0.000000 0.000000 0 0.700000 
25.000000 1.000000 1 0.000000 0.000000 0 0.800000 
25.000000 1.000000 1 0.000000 0.000000 0 0.900000 
25.000000 1.000000 1 0.000000 0.000000 0 1.000000 
35.000000 1.000000 0 540.000000 0.000000 3 0.100000
35.000000 1.000000 0 100.000000 0.000000 3 0.900000
35.000000 1.000000 0 980.000000 0.000000 3 0.900000
36.000000 1.000000 0 595.000000 0.000000 3 0.200000
36.000000 1.000000 0 155.000000 0.000000 3 0.800000
36.000000 1.000000 0 870.000000 0.000000 3 0.900000
37.000000 1.000000 0 650.000000 0.000000 3 0.300000
37.000000 1.000000 0 210.000000 0.000000 3 0.700000
37.000000 1.000000 0 760.000000 0.000000 3 0.900000
38.000000 1.000000 0 705.000000 0.000000 3 0.400000
38.000000 1.000000 0 265.000000 0.000000 3 0.600000
38.000000 1.000000 0 650.000000 0.000000 3 0.900000
39.000000 1.000000 0 760.000000 0.000000 3 0.500000
39.000000 1.000000 0 320.000000 0.000000 3 0.500000
39.000000 1.000000 0 540.000000 0.000000 3 0.900000
40.000000 1.000000 0 815.000000 0.000000 3 0.600000
40.000000 1.000000 0 375.000000 0.000000 3 0.400000
40.000000 1.000000 0 430.000000 0.000000 3 0.900000
41.000000 1.000000 0 870.000000 0.000000 3 0.700000
41.000000 1.000000 0 430.000000 0.000000 3 0.300000
41.000000 1.000000 0 320.000000 0.000000 3 0.900000
42.000000 1.000000 0 925.000000 0.000000 3 0.800000
42.000000 1.000000 0 485.000000 0.000000 3 0.200000
42.000000 1.000000 0 210.000000 0.000000 3 0.900000
50.000000 1.000000 0 0.000000 100.000000 0 0.100000 
50.000000 1.000000 0 -100.000000 0.000000 1 0.100000 
50.000000 1.000000 0 0.000000 -100.000000 2 0.900000 
50.000000 1.000000 0 100.000000 0.000000 3 0.900000 
51.000000 1.000000 0 0.000000 100.000000 0 0.200000 
51.000000 1.000000 0 -100.000000 0.000000 1 0.200000 
51.000000 1.000000 0 0.000000 -100.000000 2 0.800000 
51.000000 1.000000 0 100.000000 0.000000 3 0.800000 
52.000000 1.000000 0 0.000000 100.000000 0 0.300000 
52.000000 1.000000 0 -100.000000 0.000000 1 0.300000 
52.000000 1.000000 0 0.000000 -100.000000 2 0.700000 
52.000000 1.000000 0 100.000000 0.000000 3 0.700000 
53.000000 1.000000 0 0.000000 100.000000 0 0.400000 
53.000000 1.000000 0 -100.000000 0.000000 1 0.400000 
53.000000 1.000000 0 0.000000 -100.000000 2 0.600000 
53.000000 1.000000 0 100.000000 0.000000 3 0.600000 
54.000000 1.000000 0 0.000000 100.000000 0 0.500000 
54.000000 1.000000 0 -100.000000 0.000000 1 0.500000 
54.000000 1.000000 0 0.000000 -100.000000 2 0.500000 
54.000000 1.000000 0 100.000000 0.000000 3 0.500000 
55.000000 1.000000 0 0.000000 100.000000 0 0.600000 
55.000000 1.000000 0 -100.000000 0.000000 1 0.600000 
55.000000 1.000000 0 0.000000 -100.000000 2 0.400000 
55.000000 1.000000 0 100.000000 0.000000 3 0.400000 
56.000000 1.000000 0 0.000000 100.000000 0 0.700000 
56.000000 1.000000 0 -100.000000 0.000000 1 0.700000 
56.000000 1.000000 0 0.000000 -100.000000 2 0.300000 
56.000000 1.000000 0 100.000000 0.000000 3 0.300000 
57.000000 1.000000 0 0.000000 100.000000 0 0.800000 
57.000000 1.000000 0 -100.000000 0.000000 1 0.800000 
57.000000 1.000000 0 0.000000 -100.000000 2 0.200000 
57.000000 1.000000 0 100.000000 0.000000 3 0.200000 
58.000000 1.000000 0 0.000000 100.000000 0 0.900000 
58.000000 1.000000 0 -100.000000 0.000000 1 0.900000 
58.000000 1.000000 0 0.000000 -100.000000 2 0.100000 
58.000000 1.000000 0 100.000000 0.000000 3 0.100000 
70.000000 1.000000 0 540.000000 0.000000 3 0.100000
70.000000 1.000000 0 540.000000 0.000000 3 0.900000
71.000000 1.000000 0 650.000000 0.000000 3 0.200000
71.000000 1.000000 0 430.000000 0.000000 3 0.800000
72.000000 1.000000 0 760.000000 0.000000 3 0.300000
72.000000 1.000000 0 320.000000 0.000000 3 0.700000
73.000000 1.000000 0 870.000000 0.000000 3 0.400000
73.000000 1.000000 0 210.000000 0.000000 3 0.600000
74.000000 1.000000 0 980.000000 0.000000 3 0.500000
74.000000 1.000000 0 100.000000 0.000000 3 0.500000
75.000000 1.000000 0 870.000000 0.000000 3 0.600000
75.000000 1.000000 0 210.000000 0.000000 3 0.400000
76.000000 1.000000 0 760.000000 0.000000 3 0.700000
76.000000 1.000000 0 320.000000 0.000000 3 0.300000
77.000000 1.000000 0 650.000000 0.000000 3 0.800000
77.000000 1.000000 0 430.000000 0.000000 3 0.200000
90.000000 2.000000 1 0.000000 0.000000 0 0.100000
90.000000 2.000000 1 0.000000 0.000000 0 0.200000
90.000000 2.000000 1 0.000000 0.000000 0 0.300000
90.000000 2.000000 1 0.000000 0.000000 0 0.400000
90.000000 2.000000 1 0.000000 0.000000 0 0.500000
90.000000 2.000000 1 0.000000 0.000000 0 0.600000
90.000000 2.000000 1 0.000000 0.000000 0 0.700000
90.000000 2.000000 1 0.000000 0.000000 0 0.800000
90.000000 2.000000 1 0.000000 0.000000 0 0.900000
90.000000 2.000000 1 0.000000 0.000000 1 0.100000
90.000000 2.000000 1 0.000000 0.000000 1 0.200000
90.000000 2.000000 1 0.000000 0.000000 1 0.300000
90.000000 2.000000 1 0.000000 0.000000 1 0.400000
90.000000 2.000000 1 0.000000 0.000000 1 0.500000
90.000000 2.000000 1 0.000000 0.000000 1 0.600000
90.000000 2.000000 1 0.000000 0.000000 1 0.700000
90.000000 2.000000 1 0.000000 0.000000 1 0.800000
90.000000 2.000000 1 0.000000 0.000000 1 0.900000
90.000000 2.000000 1 0.000000 0.000000 2 0.100000
90.000000 2.000000 1 0.000000 0.000000 2 0.200000
90.000000 2.000000 1 0.000000 0.000000 2 0.300000
90.000000 2.000000 1 0.000000 0.000000 2 0.400000
90.000000 2.000000 1 0.000000 0.000000 2 0.500000
90.000000 2.000000 1 0.000000 0.000000 2 0.600000
90.000000 2.000000 1 0.000000 0.000000 2 0.700000
90.000000 2.000000 1 0.000000 0.000000 2 0.800000
90.000000 2.000000 1 0.000000 0.000000 2 0.900000
91.000000 2.000000 1 0.000000 0.000000 0 0.100000
91.000000 2.000000 1 0.000000 0.000000 0 0.200000
91.000000 2.000000 1 0.000000 0.000000 0 0.300000
91.000000 2.000000 1 0.000000 0.000000 0 0.400000
91.000000 2.000000 1 0.000000 0.000000 0 0.500000
91.000000 2.000000 1 0.000000 0.000000 0 0.600000
91.000000 2.000000 1 0.000000 0.000000 0 0.700000
91.000000 2.000000 1 0.000000 0.000000 0 0.800000
91.000000 2.000000 1 0.000000 0.000000 0 0.900000
91.000000 2.000000 1 0.000000 0.000000 2 0.100000
91.000000 2.000000 1 0.000000 0.000000 2 0.200000
91.000000 2.000000 1 0.000000 0.000000 2 0.300000
91.000000 2.000000 1 0.000000 0.000000 2 0.400000
91.000000 2.000000 1 0.000000 0.000000 2 0.500000
91.000000 2.000000 1 0.000000 0.000000 2 0.600000
91.000000 2.000000 1 0.000000 0.000000 2 0.700000
91.000000 2.000000 1 0.000000 0.000000 2 0.800000
91.000000 2.000000 1 0.000000 0.000000 2 0.900000
91.000000 2.000000 1 0.000000 0.000000 3 0.100000
91.000000 2.000000 1 0.000000 0.000000 3 0.200000
91.000000 2.000000 1 0.000000 0.000000 3 0.300000
91.000000 2.000000 1 0.000000 0.000000 3 0.400000
91.000000 2.000000 1 0.000000 0.000000 3 0.500000
91.000000 2.000000 1 0.000000 0.000000 3 0.600000
91.000000 2.000000 1 0.000000 0.000000 3 0.700000
91.000000 2.000000 1 0.000000 0.000000 3 0.800000
91.000000 2.000000 1 0.000000 0.000000 3 0.900000