5.000000 1.000000 0 540.000000 0.000000 3 0.100000
5.000000 1.000000 0 540.000000 0.000000 3 0.900000
6.000000 1.000000 0 650.000000 0.000000 3 0.200000
6.000000 1.000000 0 430.000000 0.000000 3 0.800000
7.000000 1.000000 0 760.000000 0.000000 3 0.300000
7.000000 1.000000 0 320.000000 0.000000 3 0.700000
8.000000 1.000000 0 870.000000 0.000000 3 0.400000
8.000000 1.000000 0 210.000000 0.000000 3 0.600000
9.000000 1.000000 0 980.000000 0.000000 3 0.500000
9.000000 1.000000 0 100.000000 0.000000 3 0.500000
10.000000 1.000000 0 870.000000 0.000000 3 0.600000
10.000000 1.000000 0 210.000000 0.000000 3 0.400000
11.000000 1.000000 0 760.000000 0.000000 3 0.700000
11.000000 1.000000 0 320.000000 0.000000 3 0.300000
12.000000 1.000000 0 650.000000 0.000000 3 0.800000
12.000000 1.000000 0 430.000000 0.000000 3 0.200000