5.000000 1.000000 1 0.000000 0.000000 3 0.100000 
5.000000 1.000000 1 0.000000 0.000000 2 0.100000 
5.000000 1.000000 1 0.000000 0.000000 1 0.900000 
5.000000 1.000000 1 0.000000 0.000000 0 0.900000 
5.000000 1.000000 0 100.000000 0.000000 3 0.900000 
5.000000 1.000000 0 0.000000 100.000000 0 0.100000 
5.000000 1.000000 0 -100.000000 0.000000 1 0.100000 
5.000000 1.000000 0 0.000000 -100.000000 2 0.900000 
6.000000 1.000000 1 0.000000 0.000000 3 0.200000 
6.000000 1.000000 1 0.000000 0.000000 2 0.200000 
6.000000 1.000000 1 0.000000 0.000000 1 0.800000 
6.000000 1.000000 1 0.000000 0.000000 0 0.800000 
6.000000 1.000000 0 0.000000 100.000000 0 0.200000 
6.000000 1.000000 0 -100.000000 0.000000 1 0.200000 
6.000000 1.000000 0 0.000000 -100.000000 2 0.800000 
6.000000 1.000000 0 100.000000 0.000000 3 0.800000 
7.000000 1.000000 1 0.000000 0.000000 1 0.700000 
7.000000 1.000000 1 0.000000 0.000000 0 0.700000 
7.000000 1.000000 1 0.000000 0.000000 3 0.300000 
7.000000 1.000000 1 0.000000 0.000000 2 0.300000 
7.000000 1.000000 0 0.000000 100.000000 0 0.300000 
7.000000 1.000000 0 -100.000000 0.000000 1 0.300000 
7.000000 1.000000 0 0.000000 -100.000000 2 0.700000 
7.000000 1.000000 0 100.000000 0.000000 3 0.700000 
8.000000 1.000000 1 0.000000 0.000000 0 0.600000 
8.000000 1.000000 1 0.000000 0.000000 1 0.600000 
8.000000 1.000000 1 0.000000 0.000000 2 0.400000 
8.000000 1.000000 1 0.000000 0.000000 3 0.400000 
8.000000 1.000000 0 0.000000 100.000000 0 0.400000 
8.000000 1.000000 0 -100.000000 0.000000 1 0.400000 
8.000000 1.000000 0 0.000000 -100.000000 2 0.600000 
8.000000 1.000000 0 100.000000 0.000000 3 0.600000 
9.000000 1.000000 1 0.000000 0.000000 1 0.500000 
9.000000 1.000000 1 0.000000 0.000000 0 0.500000 
9.000000 1.000000 1 0.000000 0.000000 2 0.500000 
9.000000 1.000000 1 0.000000 0.000000 3 0.500000 
9.000000 1.000000 0 0.000000 100.000000 0 0.500000 
9.000000 1.000000 0 -100.000000 0.000000 1 0.500000 
9.000000 1.000000 0 0.000000 -100.000000 2 0.500000 
9.000000 1.000000 0 100.000000 0.000000 3 0.500000 
10.000000 1.000000 1 0.000000 0.000000 0 0.400000 
10.000000 1.000000 1 0.000000 0.000000 3 0.600000 
10.000000 1.000000 1 0.000000 0.000000 1 0.400000 
10.000000 1.000000 1 0.000000 0.000000 2 0.600000 
10.000000 1.000000 0 0.000000 100.000000 0 0.600000 
10.000000 1.000000 0 -100.000000 0.000000 1 0.600000 
10.000000 1.000000 0 0.000000 -100.000000 2 0.400000 
10.000000 1.000000 0 100.000000 0.000000 3 0.400000 
11.000000 1.000000 0 0.000000 -100.000000 2 0.300000 
11.000000 1.000000 1 0.000000 0.000000 3 0.700000 
11.000000 1.000000 1 0.000000 0.000000 2 0.700000 
11.000000 1.000000 1 0.000000 0.000000 1 0.300000 
11.000000 1.000000 1 0.000000 0.000000 0 0.300000 
11.000000 1.000000 0 0.000000 100.000000 0 0.700000 
11.000000 1.000000 0 -100.000000 0.000000 1 0.700000 
11.000000 1.000000 0 100.000000 0.000000 3 0.300000 
12.000000 1.000000 1 0.000000 0.000000 0 0.200000 
12.000000 1.000000 1 0.000000 0.000000 1 0.200000 
12.000000 1.000000 1 0.000000 0.000000 3 0.800000 
12.000000 1.000000 1 0.000000 0.000000 2 0.800000 
12.000000 1.000000 0 0.000000 100.000000 0 0.800000 
12.000000 1.000000 0 -100.000000 0.000000 1 0.800000 
12.000000 1.000000 0 0.000000 -100.000000 2 0.200000 
12.000000 1.000000 0 100.000000 0.000000 3 0.200000 
13.000000 1.000000 1 0.000000 0.000000 0 0.100000 
13.000000 1.000000 1 0.000000 0.000000 1 0.100000 
13.000000 1.000000 1 0.000000 0.000000 2 0.900000 
13.000000 1.000000 1 0.000000 0.000000 3 0.900000 
13.000000 1.000000 0 0.000000 100.000000 0 0.900000 
13.000000 1.000000 0 -100.000000 0.000000 1 0.900000 
13.000000 1.000000 0 0.000000 -100.000000 2 0.100000 
13.000000 1.000000 0 100.000000 0.000000 3 0.100000 
14.000000 1.000000 1 0.000000 0.000000 3 0.000000 
14.000000 1.000000 1 0.000000 0.000000 0 0.000000 
14.000000 1.000000 1 0.000000 0.000000 2 0.000000 
14.000000 1.000000 1 0.000000 0.000000 1 0.000000 
