10.000000 1.000000 0 0.000000 100.000000 0 0.100000 
10.000000 1.000000 0 -100.000000 0.000000 1 0.100000 
10.000000 1.000000 0 0.000000 -100.000000 2 0.900000 
10.000000 1.000000 0 100.000000 0.000000 3 0.900000 
11.000000 1.000000 0 0.000000 100.000000 0 0.200000 
11.000000 1.000000 0 -100.000000 0.000000 1 0.200000 
11.000000 1.000000 0 0.000000 -100.000000 2 0.800000 
11.000000 1.000000 0 100.000000 0.000000 3 0.800000 
12.000000 1.000000 0 0.000000 100.000000 0 0.300000 
12.000000 1.000000 0 -100.000000 0.000000 1 0.300000 
12.000000 1.000000 0 0.000000 -100.000000 2 0.700000 
12.000000 1.000000 0 100.000000 0.000000 3 0.700000 
13.000000 1.000000 0 0.000000 100.000000 0 0.400000 
13.000000 1.000000 0 -100.000000 0.000000 1 0.400000 
13.000000 1.000000 0 0.000000 -100.000000 2 0.600000 
13.000000 1.000000 0 100.000000 0.000000 3 0.600000 
14.000000 1.000000 0 0.000000 100.000000 0 0.500000 
14.000000 1.000000 0 -100.000000 0.000000 1 0.500000 
14.000000 1.000000 0 0.000000 -100.000000 2 0.500000 
14.000000 1.000000 0 100.000000 0.000000 3 0.500000 
15.000000 1.000000 0 0.000000 100.000000 0 0.600000 
15.000000 1.000000 0 -100.000000 0.000000 1 0.600000 
15.000000 1.000000 0 0.000000 -100.000000 2 0.400000 
15.000000 1.000000 0 100.000000 0.000000 3 0.400000 
16.000000 1.000000 0 0.000000 100.000000 0 0.700000 
16.000000 1.000000 0 -100.000000 0.000000 1 0.700000 
16.000000 1.000000 0 0.000000 -100.000000 2 0.300000 
16.000000 1.000000 0 100.000000 0.000000 3 0.300000 
17.000000 1.000000 0 0.000000 100.000000 0 0.800000 
17.000000 1.000000 0 -100.000000 0.000000 1 0.800000 
17.000000 1.000000 0 0.000000 -100.000000 2 0.200000 
17.000000 1.000000 0 100.000000 0.000000 3 0.200000 
18.000000 1.000000 0 0.000000 100.000000 0 0.900000 
18.000000 1.000000 0 -100.000000 0.000000 1 0.900000 
18.000000 1.000000 0 0.000000 -100.000000 2 0.100000 
18.000000 1.000000 0 100.000000 0.000000 3 0.100000 