5.000000 2.000000 1 0.000000 0.000000 0 0.100000
5.000000 2.000000 1 0.000000 0.000000 0 0.200000
5.000000 2.000000 1 0.000000 0.000000 0 0.300000
5.000000 2.000000 1 0.000000 0.000000 0 0.400000
5.000000 2.000000 1 0.000000 0.000000 0 0.500000
5.000000 2.000000 1 0.000000 0.000000 0 0.600000
5.000000 2.000000 1 0.000000 0.000000 0 0.700000
5.000000 2.000000 1 0.000000 0.000000 0 0.800000
5.000000 2.000000 1 0.000000 0.000000 0 0.900000
5.000000 2.000000 1 0.000000 0.000000 1 0.100000
5.000000 2.000000 1 0.000000 0.000000 1 0.200000
5.000000 2.000000 1 0.000000 0.000000 1 0.300000
5.000000 2.000000 1 0.000000 0.000000 1 0.400000
5.000000 2.000000 1 0.000000 0.000000 1 0.500000
5.000000 2.000000 1 0.000000 0.000000 1 0.600000
5.000000 2.000000 1 0.000000 0.000000 1 0.700000
5.000000 2.000000 1 0.000000 0.000000 1 0.800000
5.000000 2.000000 1 0.000000 0.000000 1 0.900000
5.000000 2.000000 1 0.000000 0.000000 2 0.100000
5.000000 2.000000 1 0.000000 0.000000 2 0.200000
5.000000 2.000000 1 0.000000 0.000000 2 0.300000
5.000000 2.000000 1 0.000000 0.000000 2 0.400000
5.000000 2.000000 1 0.000000 0.000000 2 0.500000
5.000000 2.000000 1 0.000000 0.000000 2 0.600000
5.000000 2.000000 1 0.000000 0.000000 2 0.700000
5.000000 2.000000 1 0.000000 0.000000 2 0.800000
5.000000 2.000000 1 0.000000 0.000000 2 0.900000
6.000000 2.000000 1 0.000000 0.000000 0 0.100000
6.000000 2.000000 1 0.000000 0.000000 0 0.200000
6.000000 2.000000 1 0.000000 0.000000 0 0.300000
6.000000 2.000000 1 0.000000 0.000000 0 0.400000
6.000000 2.000000 1 0.000000 0.000000 0 0.500000
6.000000 2.000000 1 0.000000 0.000000 0 0.600000
6.000000 2.000000 1 0.000000 0.000000 0 0.700000
6.000000 2.000000 1 0.000000 0.000000 0 0.800000
6.000000 2.000000 1 0.000000 0.000000 0 0.900000
6.000000 2.000000 1 0.000000 0.000000 2 0.100000
6.000000 2.000000 1 0.000000 0.000000 2 0.200000
6.000000 2.000000 1 0.000000 0.000000 2 0.300000
6.000000 2.000000 1 0.000000 0.000000 2 0.400000
6.000000 2.000000 1 0.000000 0.000000 2 0.500000
6.000000 2.000000 1 0.000000 0.000000 2 0.600000
6.000000 2.000000 1 0.000000 0.000000 2 0.700000
6.000000 2.000000 1 0.000000 0.000000 2 0.800000
6.000000 2.000000 1 0.000000 0.000000 2 0.900000
6.000000 2.000000 1 0.000000 0.000000 3 0.100000
6.000000 2.000000 1 0.000000 0.000000 3 0.200000
6.000000 2.000000 1 0.000000 0.000000 3 0.300000
6.000000 2.000000 1 0.000000 0.000000 3 0.400000
6.000000 2.000000 1 0.000000 0.000000 3 0.500000
6.000000 2.000000 1 0.000000 0.000000 3 0.600000
6.000000 2.000000 1 0.000000 0.000000 3 0.700000
6.000000 2.000000 1 0.000000 0.000000 3 0.800000
6.000000 2.000000 1 0.000000 0.000000 3 0.900000