34 30 
34 29 
34 27 
34 28 
34 26 
34 25 
35 25 
36 25 
37 25 
38 25 
34 31 
35 29 
36 29 
34 33 
35 33 
36 33 
37 33 
38 33 
34 32 
41 25 
42 25 
43 25 
44 25 
41 26 
41 27 
41 28 
42 29 
43 29 
41 29 
41 30 
41 31 
41 32 
41 33 
43 33 
42 33 
45 33 
44 33 
45 25 
48 25 
48 26 
49 27 
49 28 
50 29 
50 30 
50 31 
51 32 
51 31 
52 33 
52 32 
53 32 
53 31 
54 30 
54 29 
54 31 
55 29 
55 28 
55 27 
56 27 
56 26 
56 25 
48 27 
49 29 
60 25 
59 25 
61 25 
62 25 
59 26 
59 28 
59 29 
59 27 
60 29 
61 29 
63 25 
59 30 
59 32 
59 31 
59 33 
60 33 
61 33 
62 33 
63 33 
66 25 
66 26 
66 27 
66 28 
66 29 
67 29 
68 29 
66 30 
66 31 
66 32 
66 33 
67 33 
68 33 
69 33 
70 33 
67 25 
68 25 
69 25 
70 25 
