0 
Title 16 9 0.000000 0.000000 1.000000 1.000000 1.000000 1.000000 0.000000 0.000000 0.691489 1.000000 0.000000 200.000000 50.000000 -2.900000 -7.000000 60.000000 Credit 0.000000 1.000000 0.872340 0 1 1 
0 
MainMenu 16 16 0.000000 0.000000 0.000000 1.000000 0.589041 0.000000 0.784314 0.392157 0.003800 0.554795 0.305715 200.000000 50.000000 0.400000 0.300000 10.000000 Main_Menu 0.000000 0.000000 0.000000 1 1 0 
0 
Me 16 9 0.000000 0.000000 1.000000 1.000000 1.000000 0.800000 0.800000 0.800000 0.600000 0.600000 0.600000 200.000000 50.000000 -3.400000 -4.000000 25.000000 Frederic_Deiber 0.470588 0.000000 1.000000 0 1 0 
0 
Musics 16 9 0.000000 0.000000 1.000000 1.000000 1.000000 0.800000 0.800000 0.800000 0.600000 0.600000 0.600000 200.000000 50.000000 -0.500000 -2.000000 25.000000 Musics 1.000000 0.000000 1.000000 0 1 0 
0 
MainMenuMusic 16 9 0.000000 0.000000 1.000000 1.000000 1.000000 0.800000 0.800000 0.800000 0.600000 0.600000 0.600000 200.000000 50.000000 -5.000000 -1.000000 15.000000 Cybermatic_Pulse_-_Alexandr_Zhelanov 1.000000 0.000000 1.000000 0 1 0 
0 
InGameMusic 16 9 0.000000 0.000000 1.000000 1.000000 1.000000 0.800000 0.800000 0.800000 0.600000 0.600000 0.600000 200.000000 50.000000 -2.320000 -0.400000 15.000000 Red_Doors_-_Matthew_Pablo 1.000000 0.000000 1.000000 0 1 0 
0 
VFXs 16 9 0.000000 0.000000 1.000000 1.000000 1.000000 0.800000 0.800000 0.800000 0.600000 0.600000 0.600000 200.000000 50.000000 0.400000 1.500000 25.000000 VFXs 0.000000 1.000000 0.588235 0 1 0 
0 
ShootVFX 16 9 0.000000 0.000000 1.000000 1.000000 1.000000 0.800000 0.800000 0.800000 0.600000 0.600000 0.600000 200.000000 50.000000 -6.150000 2.500000 15.000000 Bomb_Explosion_8Bit_-_Luke.RUSTLTD 0.000000 1.000000 0.588235 0 1 0 
0 
ExplosionVFX 16 9 0.000000 0.000000 1.000000 1.000000 1.000000 0.800000 0.800000 0.800000 0.600000 0.600000 0.600000 200.000000 50.000000 -4.365000 3.300000 15.000000 Shooting_Sound_-_Jesus_Lastra 0.000000 1.000000 0.588235 0 1 0 
0 
TYFP 16 9 0.000000 0.000000 1.000000 1.000000 1.000000 0.800000 0.800000 0.800000 0.600000 0.600000 0.600000 200.000000 50.000000 -7.700000 5.000000 35.000000 Thank_you_for_playing_! 0.833333 1.000000 0.000000 0 1 0 
