5.000000 1.000000 1 0.000000 0.000000 0 0.500000 
10.000000 1.000000 0 100.000000 100.000000 0 0.000000 
10.000000 1.000000 0 -100.000000 100.000000 1 0.000000 
15.000000 1.000000 1 0.000000 0.000000 0 0.500000 
15.000000 1.000000 1 0.000000 0.000000 1 0.500000 
15.000000 1.000000 1 0.000000 0.000000 2 0.500000 
15.000000 1.000000 1 0.000000 0.000000 3 0.500000 
20.000000 0.500000 0 100.000000 100.000000 0 0.000000 
20.000000 0.500000 0 -100.000000 100.000000 1 0.000000 
20.000000 0.500000 0 -100.000000 -100.000000 2 1.000000 
20.000000 0.500000 0 100.000000 -100.000000 3 1.000000 
