0 
GameOver 16 9 0.000000 0.000000 1.000000 1.000000 1.000000 1.000000 0.000000 0.000000 0.691489 1.000000 0.000000 200.000000 50.000000 -6.600000 -5.000000 60.000000 Game_Over_! 0.000000 1.000000 0.872340 0 1 1 
0 
Restart 16 11 0.000000 0.000000 0.000000 1.000000 0.589041 0.000000 0.784314 0.392157 0.003800 0.554795 0.305715 200.000000 50.000000 0.750000 0.300000 10.000000 Restart 0.000000 0.000000 0.000000 1 1 6 
0 
Quit 16 15 0.000000 0.000000 1.000000 0.436893 0.000000 0.784314 0.342661 0.000000 0.552941 0.305996 0.000000 150.000000 40.000000 0.800000 0.250000 10.000000 Quit 0.000000 0.000000 0.000000 1 1 2 
0 
MainMenu 16 13 0.000000 0.000000 0.000000 1.000000 0.589041 0.000000 0.784314 0.392157 0.003800 0.554795 0.305715 200.000000 50.000000 0.400000 0.300000 10.000000 Main_Menu 0.000000 0.000000 0.000000 1 1 0 
0 
Score 16 9 0.000000 0.000000 1.000000 1.000000 1.000000 0.800000 0.800000 0.800000 0.600000 0.600000 0.600000 200.000000 50.000000 0.000000 -1.000000 25.000000 0 1.000000 1.000000 1.000000 0 1 0 
0 
ScoreText 16 9 0.000000 0.000000 1.000000 1.000000 1.000000 0.800000 0.800000 0.800000 0.600000 0.600000 0.600000 200.000000 50.000000 -0.100000 -2.500000 25.000000 Score_: 1.000000 1.000000 1.000000 0 1 0 
