0 
Resolution 16 9 0.000000 0.000000 1.000000 1.000000 1.000000 1.000000 0.000000 0.000000 0.691489 1.000000 0.000000 200.000000 50.000000 -11.500000 -6.250000 30.000000 23 0.000000 1.000000 0.872340 0 1 1 
0 
Score 16 9 0.000000 0.000000 1.000000 1.000000 1.000000 0.800000 0.800000 0.800000 0.600000 0.600000 0.600000 200.000000 50.000000 12.500000 -6.500000 25.000000 0 1.000000 1.000000 1.000000 0 1 0 
0 
ResolutionText 16 9 0.000000 0.000000 1.000000 1.000000 1.000000 0.800000 0.800000 0.800000 0.600000 0.600000 0.600000 200.000000 50.000000 -14.000000 -7.500000 25.000000 Resolution 0.000000 1.000000 0.872340 0 1 0 
0 
Bar1 3 3 0.500000 0.500000 1.000000 1.000000 1.000000 0.800000 0.800000 0.800000 0.600000 0.600000 0.600000 400.000000 5.000000 0.300000 0.300000 10.000000 NewButton 0.000000 0.000000 0.000000 1 0 -1 
0 
ScoreText 16 9 0.000000 0.000000 1.000000 1.000000 1.000000 0.800000 0.800000 0.800000 0.600000 0.600000 0.600000 200.000000 50.000000 12.000000 -7.750000 35.000000 Score 0.000000 1.000000 0.870588 0 1 0 
0 
Skills 16 9 0.000000 0.000000 1.000000 1.000000 1.000000 0.800000 0.800000 0.800000 0.600000 0.600000 0.600000 200.000000 50.000000 -13.750000 -4.000000 50.000000 Skills 0.000000 1.000000 0.870588 0 1 0 
0 
CompTriangle 3 8 0.500000 0.000000 0.392157 1.000000 0.000000 0.000000 1.000000 0.000000 0.549320 1.000000 0.369048 350.000000 100.000000 1.500000 0.300000 20.000000 Triangle 0.000000 0.000000 0.000000 1 1 3 
0 
CompSquare 3 11 0.500000 0.000000 0.627451 0.000000 1.000000 1.000000 0.000000 1.000000 1.000000 0.313726 1.000000 350.000000 150.000000 2.000000 0.500000 20.000000 Square 0.000000 0.000000 0.000000 1 1 4 
0 
CompCircle 3 15 0.500000 0.000000 1.000000 0.177515 0.000000 1.000000 0.112426 0.112426 1.000000 0.236686 0.236686 350.000000 200.000000 2.250000 1.000000 20.000000 Circle 0.000000 0.000000 0.000000 1 1 5 
0 
TriangleDesc 16 9 0.000000 0.000000 1.000000 1.000000 1.000000 0.800000 0.800000 0.800000 0.600000 0.600000 0.600000 200.000000 50.000000 -12.000000 -0.250000 10.000000 -3_Resolution 0.000000 0.000000 0.000000 0 1 0 
0 
SquareDesc 16 9 0.000000 0.000000 1.000000 1.000000 1.000000 0.800000 0.800000 0.800000 0.600000 0.600000 0.600000 200.000000 50.000000 -12.000000 2.750000 12.000000 -4_Resolution 0.000000 0.000000 0.000000 0 1 0 
0 
CircleDesc 16 9 0.000000 0.000000 1.000000 1.000000 1.000000 0.800000 0.800000 0.800000 0.600000 0.600000 0.600000 200.000000 50.000000 -12.250000 6.900000 12.000000 -20_Resolution 0.000000 0.000000 0.000000 0 1 0 
0 
TriangleMap 16 9 0.000000 0.000000 1.000000 1.000000 1.000000 0.800000 0.800000 0.800000 0.600000 0.600000 0.600000 200.000000 50.000000 -13.500000 -0.850000 35.000000 1 0.000000 0.000000 0.000000 0 1 0 
0 
SquareMap 16 9 0.000000 0.000000 1.000000 1.000000 1.000000 0.800000 0.800000 0.800000 0.600000 0.600000 0.600000 200.000000 50.000000 -13.500000 2.050000 50.000000 2 0.000000 0.000000 0.000000 0 1 0 
0 
CircleMap 16 9 0.000000 0.000000 1.000000 1.000000 1.000000 0.800000 0.800000 0.800000 0.600000 0.600000 0.600000 200.000000 50.000000 -13.500000 6.100000 50.000000 3 0.000000 0.000000 0.000000 0 1 0 
0 
HighScoreText 16 9 0.000000 0.000000 1.000000 1.000000 1.000000 0.800000 0.800000 0.800000 0.600000 0.600000 0.600000 200.000000 50.000000 11.550000 -4.750000 22.000000 High_Score 0.000000 1.000000 0.870588 0 1 0 
0 
HighScore1 16 9 0.000000 0.000000 1.000000 1.000000 1.000000 0.800000 0.800000 0.800000 0.600000 0.600000 0.600000 200.000000 50.000000 12.500000 -3.500000 25.000000 23600 1.000000 1.000000 1.000000 0 1 0 
0 
HighScore2 16 9 0.000000 0.000000 1.000000 1.000000 1.000000 0.800000 0.800000 0.800000 0.600000 0.600000 0.600000 200.000000 50.000000 12.500000 -2.500000 25.000000 20800 1.000000 1.000000 1.000000 0 1 0 
0 
HighScore3 16 9 0.000000 0.000000 1.000000 1.000000 1.000000 0.800000 0.800000 0.800000 0.600000 0.600000 0.600000 200.000000 50.000000 12.500000 -1.500000 25.000000 4600 1.000000 1.000000 1.000000 0 1 0 
0 
HighScore4 16 9 0.000000 0.000000 1.000000 1.000000 1.000000 0.800000 0.800000 0.800000 0.600000 0.600000 0.600000 200.000000 50.000000 12.500000 -0.500000 25.000000 100 1.000000 1.000000 1.000000 0 1 0 
0 
HighScore5 16 9 0.000000 0.000000 1.000000 1.000000 1.000000 0.800000 0.800000 0.800000 0.600000 0.600000 0.600000 200.000000 50.000000 12.500000 0.500000 25.000000 100 1.000000 1.000000 1.000000 0 1 0 
0 
Bar2 28 10 0.500000 0.500000 1.000000 1.000000 1.000000 0.800000 0.800000 0.800000 0.600000 0.600000 0.600000 400.000000 5.000000 0.300000 0.300000 10.000000 NewButton 0.000000 0.000000 0.000000 1 0 -1 
0 
SkillTime 16 9 0.000000 0.000000 1.000000 1.000000 1.000000 0.800000 0.800000 0.800000 0.600000 0.600000 0.600000 200.000000 50.000000 -13.500000 -2.500000 25.000000 00:00 1.000000 1.000000 1.000000 0 0 0 
0 
SkillTimeText1 16 9 0.000000 0.000000 1.000000 1.000000 1.000000 0.800000 0.800000 0.800000 0.600000 0.600000 0.600000 200.000000 50.000000 -14.000000 -2.600000 13.000000 Press_key_or_button 1.000000 1.000000 1.000000 0 1 0 
0 
SkillTimeText2 16 9 0.000000 0.000000 1.000000 1.000000 1.000000 0.800000 0.800000 0.800000 0.600000 0.600000 0.600000 200.000000 50.000000 -13.700000 -2.000000 13.000000 to_ativate_a_skill_! 1.000000 1.000000 1.000000 0 1 0 
0 
Controls 28 14 0.500000 0.000000 1.000000 1.000000 0.000000 1.000000 1.000000 0.000000 1.000000 1.000000 0.000000 350.000000 300.000000 1.500000 0.500000 15.000000 Controls 0.000000 0.000000 0.000000 1 1 -1 
0 
ControlsText1 16 9 0.000000 0.000000 1.000000 1.000000 1.000000 0.800000 0.800000 0.800000 0.600000 0.600000 0.600000 200.000000 50.000000 12.850000 4.300000 10.000000 Move_with_: 0.000000 0.000000 0.000000 0 1 0 
0 
ControlsText2 16 9 0.000000 0.000000 1.000000 1.000000 1.000000 0.800000 0.800000 0.800000 0.600000 0.600000 0.600000 200.000000 50.000000 13.450000 4.800000 10.000000 Z_Q_S_D 0.000000 0.000000 0.000000 0 1 0 
0 
ControlsText3 16 9 0.000000 0.000000 1.000000 1.000000 1.000000 0.800000 0.800000 0.800000 0.600000 0.600000 0.600000 200.000000 50.000000 13.350000 5.300000 10.000000 Arrows 0.000000 0.000000 0.000000 0 1 0 
0 
ControlsText4 16 9 0.000000 0.000000 1.000000 1.000000 1.000000 0.800000 0.800000 0.800000 0.600000 0.600000 0.600000 200.000000 50.000000 12.100000 6.300000 10.000000 Aim_and_Shot_with_: 0.000000 0.000000 0.000000 0 1 0 
0 
ControlsText5 16 9 0.000000 0.000000 1.000000 1.000000 1.000000 0.800000 0.800000 0.800000 0.600000 0.600000 0.600000 200.000000 50.000000 11.900000 6.800000 10.000000 Mouse_and_Left_Click 0.000000 0.000000 0.000000 0 1 0 
