60.000000 1.000000 0 540.000000 0.000000 3 0.100000
60.000000 1.000000 0 540.000000 0.000000 3 0.900000
61.000000 1.000000 0 650.000000 0.000000 3 0.200000
61.000000 1.000000 0 430.000000 0.000000 3 0.800000
62.000000 1.000000 0 760.000000 0.000000 3 0.300000
62.000000 1.000000 0 320.000000 0.000000 3 0.700000
63.000000 1.000000 0 870.000000 0.000000 3 0.400000
63.000000 1.000000 0 210.000000 0.000000 3 0.600000
64.000000 1.000000 0 980.000000 0.000000 3 0.500000
64.000000 1.000000 0 100.000000 0.000000 3 0.500000
65.000000 1.000000 0 870.000000 0.000000 3 0.600000
65.000000 1.000000 0 210.000000 0.000000 3 0.400000
66.000000 1.000000 0 760.000000 0.000000 3 0.700000
66.000000 1.000000 0 320.000000 0.000000 3 0.300000
67.000000 1.000000 0 650.000000 0.000000 3 0.800000
67.000000 1.000000 0 430.000000 0.000000 3 0.200000