36.000000 1.000000 0 0.000000 100.000000 0 0.100000 
36.000000 1.000000 0 -100.000000 0.000000 1 0.100000 
36.000000 1.000000 0 0.000000 -100.000000 2 0.900000 
36.000000 1.000000 0 100.000000 0.000000 3 0.900000 
37.000000 1.000000 0 0.000000 100.000000 0 0.200000 
37.000000 1.000000 0 -100.000000 0.000000 1 0.200000 
37.000000 1.000000 0 0.000000 -100.000000 2 0.800000 
37.000000 1.000000 0 100.000000 0.000000 3 0.800000 
38.000000 1.000000 0 0.000000 100.000000 0 0.300000 
38.000000 1.000000 0 -100.000000 0.000000 1 0.300000 
38.000000 1.000000 0 0.000000 -100.000000 2 0.700000 
38.000000 1.000000 0 100.000000 0.000000 3 0.700000 
39.000000 1.000000 0 0.000000 100.000000 0 0.400000 
39.000000 1.000000 0 -100.000000 0.000000 1 0.400000 
39.000000 1.000000 0 0.000000 -100.000000 2 0.600000 
39.000000 1.000000 0 100.000000 0.000000 3 0.600000 
40.000000 1.000000 0 0.000000 100.000000 0 0.500000 
40.000000 1.000000 0 -100.000000 0.000000 1 0.500000 
40.000000 1.000000 0 0.000000 -100.000000 2 0.500000 
40.000000 1.000000 0 100.000000 0.000000 3 0.500000 
41.000000 1.000000 0 0.000000 100.000000 0 0.600000 
41.000000 1.000000 0 -100.000000 0.000000 1 0.600000 
41.000000 1.000000 0 0.000000 -100.000000 2 0.400000 
41.000000 1.000000 0 100.000000 0.000000 3 0.400000 
42.000000 1.000000 0 0.000000 100.000000 0 0.700000 
42.000000 1.000000 0 -100.000000 0.000000 1 0.700000 
42.000000 1.000000 0 0.000000 -100.000000 2 0.300000 
42.000000 1.000000 0 100.000000 0.000000 3 0.300000 
43.000000 1.000000 0 0.000000 100.000000 0 0.800000 
43.000000 1.000000 0 -100.000000 0.000000 1 0.800000 
43.000000 1.000000 0 0.000000 -100.000000 2 0.200000 
43.000000 1.000000 0 100.000000 0.000000 3 0.200000 
44.000000 1.000000 0 0.000000 100.000000 0 0.900000 
44.000000 1.000000 0 -100.000000 0.000000 1 0.900000 
44.000000 1.000000 0 0.000000 -100.000000 2 0.100000 
44.000000 1.000000 0 100.000000 0.000000 3 0.100000 