50.000000 1.000000 0 540.000000 0.000000 3 0.100000
50.000000 1.000000 0 100.000000 0.000000 3 0.900000
50.000000 1.000000 0 980.000000 0.000000 3 0.900000
51.000000 1.000000 0 595.000000 0.000000 3 0.200000
51.000000 1.000000 0 155.000000 0.000000 3 0.800000
51.000000 1.000000 0 870.000000 0.000000 3 0.900000
52.000000 1.000000 0 650.000000 0.000000 3 0.300000
52.000000 1.000000 0 210.000000 0.000000 3 0.700000
52.000000 1.000000 0 760.000000 0.000000 3 0.900000
53.000000 1.000000 0 705.000000 0.000000 3 0.400000
53.000000 1.000000 0 265.000000 0.000000 3 0.600000
53.000000 1.000000 0 650.000000 0.000000 3 0.900000
54.000000 1.000000 0 760.000000 0.000000 3 0.500000
54.000000 1.000000 0 320.000000 0.000000 3 0.500000
54.000000 1.000000 0 540.000000 0.000000 3 0.900000
55.000000 1.000000 0 815.000000 0.000000 3 0.600000
55.000000 1.000000 0 375.000000 0.000000 3 0.400000
55.000000 1.000000 0 430.000000 0.000000 3 0.900000
56.000000 1.000000 0 870.000000 0.000000 3 0.700000
56.000000 1.000000 0 430.000000 0.000000 3 0.300000
56.000000 1.000000 0 320.000000 0.000000 3 0.900000
57.000000 1.000000 0 925.000000 0.000000 3 0.800000
57.000000 1.000000 0 485.000000 0.000000 3 0.200000
57.000000 1.000000 0 210.000000 0.000000 3 0.900000