0 
Title 16 9 0.000000 0.000000 1.000000 1.000000 1.000000 1.000000 0.000000 0.000000 0.691489 1.000000 0.000000 200.000000 50.000000 -2.800000 -5.000000 60.000000 Pause 0.000000 1.000000 0.872340 0 1 1 
0 
Resume 16 8 0.000000 0.000000 0.000000 1.000000 0.589041 0.000000 0.784314 0.392157 0.003800 0.554795 0.305715 200.000000 50.000000 0.700000 0.300000 10.000000 Resume 0.000000 0.000000 0.000000 1 1 1 
0 
Restart 16 10 0.000000 0.000000 0.000000 1.000000 0.589041 0.000000 0.784314 0.392157 0.003800 0.554795 0.305715 200.000000 50.000000 0.750000 0.300000 10.000000 Restart 0.000000 0.000000 0.000000 1 1 6 
0 
Quit 16 14 0.000000 0.000000 1.000000 0.436893 0.000000 0.784314 0.342661 0.000000 0.552941 0.305996 0.000000 150.000000 40.000000 0.800000 0.250000 10.000000 Quit 0.000000 0.000000 0.000000 1 1 2 
0 
MainMenu 16 12 0.000000 0.000000 0.000000 1.000000 0.589041 0.000000 0.784314 0.392157 0.003800 0.554795 0.305715 200.000000 50.000000 0.400000 0.300000 10.000000 MainMenu 0.000000 0.000000 0.000000 1 1 0 
